(534.5627718959545, 1974.4849414797727, 40.65516949577533)
(424.23183195409194, 1813.2709672196397, 78.45804195769703)
(251.62121257569075, 1564.1664735145584, 36.00613724044643)
(396.9298574061336, 2022.384732830212, 53.85703234572399)
(395.11321939534383, 1868.069128650543, 37.170869544738665)
(388.2996834508266, 1891.1568358847173, 22.993974745715718)
(8.57764248597681, 1876.028940376029, 44.515474046452105)
(689.109937746515, 1977.7777029868491, 33.23874129471143)
(368.2421896726213, 1718.273757419063, 49.76754957715561)
(537.3431676141981, 2012.797411174753, 39.40476867728592)
(218.7104494226161, 2007.5940511368906, 20.391788263363683)
(379.8323507861342, 1903.0325940525054, 50.10667210402985)
(-5.985127594302014, 1742.6427391505267, 17.59895122800899)
(331.4795529068319, 1587.30557433176, 19.14138920359994)
(471.46282781250784, 2035.4131372589663, 58.22993168805105)
(430.695007811232, 1394.5180373393132, 51.165516799754435)
(321.99173202925283, 1578.8441390572923, 22.795712480664193)
(477.7260311261534, 1610.7624591254619, 18.960882729123963)
(405.4011235397527, 1656.213099395592, 5.69314515419301)
(257.6967091992355, 1644.906067055285, 51.98121770333822)
(31.579668256200137, 1886.196021095925, 58.63134763993525)
(33.06535265856263, 1981.8507976575972, 29.728781257389564)
(660.6681351878256, 1991.7357318065388, 19.0634635326027)
(3.5151411250085403, 1880.8857300003492, 8.355554051059364)
(382.0604220186109, 1584.2960201018761, 16.951914921830422)
(357.20294339434025, 2004.183299804517, 52.10516760431495)
(414.4340298674656, 1817.7558441664419, 43.588445122883456)
(298.20711531426855, 1594.4069878152857, 11.928831624742166)
(395.8372248293351, 1930.4374050009878, 43.76804184592508)
(333.4352288110584, 1565.0380003313426, 66.4019348229258)
(413.98418629213387, 1566.0751606007568, 16.978359820570574)
(403.2626148366611, 1884.1821976716312, 20.848879272217054)
(404.35978134542347, 1932.5468015090562, 8.222200375093296)
(376.64221832517575, 1564.2792861668927, 42.072445958739166)
(544.0535451172942, 1610.3264648680965, 44.06682526718325)
(405.13205980597627, 1697.251857934713, 9.26794937541799)
(161.37970015554475, 1604.2085275109832, 11.607790449621357)
(322.39525572518403, 1613.068016967623, 33.63430745997455)
(423.16561583541557, 1695.1942142074856, 47.08150505983066)
(807.4469730168289, 1936.9432240962337, 9.363034590289523)
(380.42024626665807, 1780.8153308409314, 25.986935742392024)
(885.0156784466524, 2003.3230960860878, 6.713619351521039)
(963.2741871708388, 2004.9593409325075, 27.57031223485487)
(367.87086606337795, 1859.241892940166, 86.02694051375975)
(734.9528222692337, 1993.672515901336, 13.095373540573435)
(792.3156231046823, 2018.9172265044083, 26.392455105338133)
(619.0600766480125, 2011.5416171315703, 24.443254384335397)
(760.02071012009, 1995.898395093611, 14.89208737468133)
(693.3121971767976, 2029.686718043963, 39.40989396231825)
(979.196511020303, 1993.989208206485, 36.56416984642724)
(593.9423716399043, 1940.801481735595, 62.38824579355331)
(798.3857734977762, 2016.773747552862, 61.999429323291494)
(404.56963615229944, 1950.8948708759426, 8.322437901066811)
(815.3395411700373, 1898.8532805674079, 20.20954255241594)
(824.1855919193374, 1957.1312786963963, 26.985926371272875)
(818.5712923756149, 2037.3406187068135, 68.89391998470883)
(587.6213605927599, 2005.4406223785886, 5.476544628991054)
(525.568563585049, 2005.4560900695483, 41.75989258954479)
(870.2137334712419, 1993.6337521689632, 27.64586019146715)
(647.1187606959005, 1996.7439944273897, 45.733142125407184)
(731.7638506217784, 1981.2687096352138, 21.203902260008412)
(369.31024332232346, 2035.9156401163787, 49.876753583983)
(1003.6863736422611, 2004.4707014788542, 22.066145232639578)
(820.4095286419977, 1744.1210314619389, 22.144786399869442)
(636.7742541909122, 1591.6300730393407, 9.180176108533585)
(25.291489864760706, 2012.610304655902, 43.363056460211375)
(588.4390953860573, 2008.6801279879078, 14.220211294985369)
(1063.8252843020157, 2024.9043810775943, 29.630210170206208)
(874.650148066159, 1996.117038618459, 27.304379465251603)
(717.3057791540886, 2011.8612518130728, 31.84709180507331)
(804.0420995460638, 1996.1772227582605, 20.696055996194044)
(1026.460065342624, 2024.4473867601082, 36.74860021225704)
(632.4095758602264, 2003.7525997172022, 8.993670684755225)
(782.5209589087698, 1935.9949327552947, 51.55984750289299)
(559.4996405434995, 2025.6550492477397, 29.66836505908633)
(631.9134233137565, 2060.746160406022, 80.26344602893157)
(1013.9391964092354, 2007.1195527528776, 8.27798912374122)
(879.4853778913712, 1986.1990018379038, 14.342965371148383)
(-32.69319581247195, 351.55401066828364, 33.77302525664238)
(3.5836324402388016, 450.5144465178364, 7.271534581076441)
(107.07856974179995, 792.2745476409712, 10.000438747752819)
(-5.0181776972173395, 826.4419377867499, 34.97043501924911)
(-9.815219920078022, 409.6566009752604, 15.267894729444622)
(31.473962188826988, 793.8887241115137, 12.417968342835714)
(184.43101010992524, 781.424734644606, 20.912877832717424)
(271.413191399903, 792.6752523229662, 11.455761153747895)
(10.199092006962047, 895.8234342239405, 22.723324723933718)
(87.71876645229753, 768.2544799953297, 39.4461941785147)
(8.352607813081647, 855.9452575491058, 94.07092243941032)
(-18.688681639460782, 1082.6805065590383, 24.265889783051175)
(-6.175149881173525, 781.1434539097452, 18.810418795157542)
(4.923725078840917, 272.6182349547435, 7.344742353634769)
(10.894612138655887, 654.5822639119576, 11.261399907555212)
(390.13566240047663, 636.0719552886573, 10.436906735344166)
(-26.064385650397185, 338.5114756702128, 50.91566930550783)
(23.15682420830629, 790.3920779848754, 22.9102158653105)
(43.20826179255394, 715.027248465254, 82.00786017967971)
(17.225720973117774, 710.518250432701, 31.46792930836759)
(73.88821376191547, 373.26606138101613, 27.7301387896202)
(-14.037864666109513, 1067.6729228925642, 16.0482916135304)
(-19.33930739553209, 400.6586771291577, 27.317179328449143)
(7.76590387382717, 591.8578069851085, 9.99216618960602)
(213.8984076805412, 409.2419412538165, 34.43255916201239)
(35.42225961236424, 886.5407106157602, 48.1885133139104)
(5.96057092980449, 605.7310530569102, 31.452690802612974)
(-8.46643657665804, 452.47645267986115, 19.30053552147332)
(435.44060236212914, 386.718844107274, 13.83526968575298)
(3.9068324944900468, 501.97661952174496, 4.140882263793712)
(18.51035101916834, 671.3568583255565, 18.573724379795035)
(-18.40678345759615, 819.3216775894182, 23.12636873377267)
(145.496520265615, 408.75912817932976, 16.977597083170597)
(5.168805652219291, 766.1983283554313, 9.760666488031955)
(85.17937217740302, 809.2989614334568, 10.740164171773365)
(36.440007206956054, 806.0949040279005, 28.718524713608268)
(128.1959082519606, 13.166577825468153, 16.950829345713277)
(-16.312864095993234, 548.0683242053177, 49.71355318995529)
(416.2665076545251, 809.0382288563462, 16.495253503287138)
(1604.578187846616, 979.7916139916542, 26.256023321731902)
(1584.1823047037317, 682.6839006707733, 33.118586592328256)
(1203.289781981547, 659.8887316406004, 6.317418165200418)
(1594.8846203910389, 579.8243844111801, 15.550951665552414)
(1580.5051951430673, 908.3716758215768, 29.928669442644814)
(1636.3945331366033, 711.6304725399777, 38.417497292099846)
(1606.886411285522, 445.60136030699186, 14.905277401296873)
(1628.821084362085, 508.030231602828, 67.20997037021161)
(1611.8967346582272, 669.6045548058851, 12.953179280274716)
(1579.1379409354909, 687.3138759583151, 45.472205661406605)
(1313.8404485847964, 794.7307401272716, 14.216754498228564)
(1577.295025417029, 861.7995143241882, 34.52230397586885)
(1455.2225638415964, 780.7646556984455, 33.036517995381594)
(1596.3975606138772, 991.5643693278666, 31.826278083332465)
(1890.3582161186569, 795.3443472308875, 5.492045550396558)
(1690.758965083742, 804.4376157141704, 6.695481590778696)
(1991.0215947930578, 549.1992396727318, 16.542076529551455)
(1812.0303211386522, 792.7919139785305, 9.80616672298465)
(1591.5008578717375, 908.691447664755, 14.422812063234058)
(1547.02033878161, 792.7739303619204, 47.61217800571659)
(1641.0369519608182, 914.1936011307203, 67.10783931740679)
(1568.7280231807067, 207.35303156121245, 34.448364114783026)
(1571.5646683674013, 431.5808146752037, 33.895690480130774)
(1529.21438683904, 819.4476906133401, 28.117096486605504)
(1603.3269394665172, 653.520762132581, 26.395647824461392)
(1393.611639893946, 815.2651672483074, 21.952101858060356)
(1949.8939701567215, 598.964549127392, 87.70670604262041)
(1603.6398414733715, 583.3249972864927, 14.47039072252479)
(1608.3639716868038, 705.8915653970868, 29.79865996479973)
(1239.0010644764343, 529.6176228932244, 56.798502100605084)
(1818.1921650227964, 403.70913555067847, 8.071698557734258)
(1584.7179166658636, 573.8620644889082, 30.036876413970862)
(1416.2499156023528, 777.8101577424385, 32.015865532102886)
(1593.958613566027, 792.7939219781899, 13.889615965561816)
(1779.5753757743, 381.8754163165951, 18.460831765795383)
(1588.7679975093076, 865.1130673725918, 16.478572492041785)
(1610.3154664554881, 754.2495642083574, 19.19245489179934)
(1573.0233507762678, 679.7815038388025, 49.49542603169819)
(1485.528566529816, 809.6662415936139, 13.699762573127863)
(270.2054889892819, 2031.8343788560067, 39.607427562915696)
(584.2722184668505, 2030.1447777393132, 44.096689749324824)
(516.6490337863024, 2013.4821675993321, 49.09956325853056)
(170.78225270477265, 2004.580594242321, 8.611485116027888)
(282.9458011321248, 2026.9738141187784, 41.012926871662614)
(809.8793438285722, 1928.6688670905246, 10.992719109246277)
(368.4021507840486, 2032.1546877946676, 36.745877294631946)
(458.14090143808045, 1990.5829933409796, 26.840339812350397)
(812.5170511911494, 2009.7435497411066, 12.67618801905244)
(795.8547426274597, 1957.0131675486466, 37.822139994401255)
(394.6110078173366, 2009.5516184541798, 26.665842577530732)
(421.5372799278375, 1914.7487986280114, 54.27890280547965)
(10.029753843149024, 2011.936756244927, 13.56159488493858)
(586.8261689815492, 1983.9519165879324, 17.688425141350173)
(471.0476976301858, 2009.876282325545, 17.975467738308865)
(499.1863033964009, 1590.5615489592567, 40.59540783467381)
(748.5043957789997, 2003.30043983756, 6.765000774965853)
(122.98958447821707, 1990.5784071257276, 24.978647662860975)
(668.8532531998651, 1970.0141398478174, 30.11975970250822)
(552.4579268235068, 2011.6144085172455, 20.178609597803653)
(445.0137776547032, 1986.150273739154, 34.836668205862544)
(577.8831937555934, 2008.0346402298799, 15.874574006574337)
(793.8539706094996, 1968.645707148094, 32.648059331025884)
(178.74812903210085, 2008.7805083222568, 45.0260417230159)
(858.0684176228137, 2006.887454203377, 9.184058543458823)
(779.6285075340329, 2003.6519138534848, 8.576388626395287)
(960.8085370152132, 2003.7462239302913, 5.098104501885796)
(814.2153891025271, 1893.3559407254086, 19.475645903577558)
(509.47411536144097, 2020.4006798080202, 23.06200557628634)
(732.9431805146223, 2003.9570763953855, 15.408322955244879)
(781.4181524153405, 1831.6061405678051, 19.776857057085554)
(382.40589189884884, 1890.313610187849, 20.389983168824735)
(649.9051441928913, 1977.3856798922006, 35.90446659405413)
(496.07319982461433, 2021.828594674648, 30.690134587747277)
(782.3135336947945, 1991.7912567156527, 9.601188619277641)
(753.6429013910172, 1989.488316219609, 22.590008072684846)
(584.593533453103, 1964.6445033102568, 46.688658659298305)
(246.58048824391454, 2012.95927189511, 21.469720478978854)
(806.4183717946383, 1779.792575493326, 18.915993150996133)
(338.2318022585198, -19.376378208907852, 19.815666479902273)
(456.41072625159154, -19.781860797421427, 24.494782756481175)
(431.9688640435529, -27.570638938403444, 37.8645559286143)
(376.8642636862039, 224.43823210115113, 25.998781188962255)
(695.029997042961, -10.484729595600207, 22.482931663393163)
(543.4282012070206, 25.735081855604477, 26.725423250285008)
(405.85280420176804, 39.50651374537688, 17.998161525564477)
(383.1391539345383, 190.04193257753997, 23.690624480742258)
(632.4579243726998, -15.075707040549226, 20.961484738123442)
(385.24043497721294, 292.18812120839834, 19.820714063176577)
(762.0558421576433, 30.71745911708767, 45.12503000801824)
(606.7642272303708, -36.607179920498524, 45.0465040154971)
(444.74496952837865, 94.07636880431869, 66.46987487058841)
(377.379066561375, 232.17137033098442, 23.11148906206739)
(269.149002889458, 4.265105029987311, 22.56139284155512)
(484.5971440562598, -3.2169778786225436, 9.43123214812183)
(805.5744019344788, 54.067967504080855, 8.706038289463924)
(394.61519166052847, 301.36497222410475, 12.085032178416853)
(1065.5687160772723, -6.973369263774444, 10.588513485101055)
(316.54524542490617, -26.761290266607944, 35.131444936884186)
(326.56020720718254, -14.862052956945746, 23.003183995717603)
(219.2231844731109, -10.450589829513326, 21.196040338135116)
(728.9596471474248, 4.8411754462083465, 9.269689201570483)
(410.85609771600724, 228.7607592487496, 31.94797444070778)
(422.95981214418265, 61.44041441044787, 41.594299708788924)
(-5.8548187454102845, 220.99768260541833, 10.660802590028075)
(504.10002517935254, 29.7845040491909, 29.9140809653181)
(548.180473855189, -10.297853874466895, 15.01638613564059)
(842.4385697841283, 36.699313216091184, 60.03947635803103)
(206.45091207706207, -27.564101153341035, 62.92060173915911)
(417.0410120808582, 201.91749694933335, 23.92509906962511)
(607.1730560217428, 25.919832612577594, 30.510516092759115)
(406.72728978860164, 90.18820352158181, 15.26093524914484)
(783.7508876887662, 183.13313405219577, 23.882744475525165)
(197.62254785972664, 8.023521734014963, 20.416840079903366)
(878.6936649246495, 17.056512965009347, 17.928385324437006)
(372.11154270699143, 309.55870333732855, 27.89613280702618)
(907.4093898464704, -12.957497493623578, 45.453941352586156)
(810.6125628380927, 101.30457332748742, 29.788797595342817)
(1604.3407940400168, 487.85918093085536, 27.228259591703242)
(1572.634312662681, 804.6357411621402, 16.964785798154512)
(1208.4130803405242, 976.4153780188853, 14.267468892911214)
(1553.2676064074813, 766.2948729818108, 40.074572006302915)
(1559.9180194865282, 807.5769829711556, 19.075000110759394)
(1550.2621713548642, 811.0881345335093, 14.503740341312065)
(1587.7849730635155, 470.36069576760497, 15.655262495359057)
(1229.4298499633908, 699.6625758304655, 29.577395098352092)
(1467.0326297442937, 795.659076111221, 10.3608005244009)
(1569.2494889672798, 778.901522169404, 24.79013341730642)
(1495.0366774268887, 795.4605116903815, 9.528123559391645)
(1592.1945789432812, 573.4214141044278, 39.01112966485539)
(1746.9585345566081, 451.780536647331, 66.90215620167305)
(1913.0067149842423, 787.2334155811241, 18.37666516791909)
(1585.057396802081, 804.6933156697262, 8.73399647176182)
(1852.1884777835396, 792.4326427707684, 13.510461597600381)
(1715.0819900640054, 813.2391551934662, 32.078070324466296)
(1561.1897009361069, 772.6680812084646, 29.531166255838478)
(2017.9806972031151, 884.4084550073628, 19.22274331583031)
(1861.9280180564235, 793.3972966341095, 29.203937925690404)
(1632.5839430547935, 576.3320264394542, 50.59153948365719)
(1392.2892508700359, 795.1014422734876, 30.874832869132742)
(1736.2118383136926, 795.0996910677148, 23.025947483044227)
(1478.337178823024, 817.3472900406365, 48.29947572776717)
(1896.7431801997634, 783.3706229398547, 23.36306104146931)
(1594.453880146476, 759.0308613716179, 17.65326046232884)
(1488.1214302854569, 807.5622526789908, 8.67063019200705)
(1606.2206073220125, 820.2648452554237, 8.825499751939962)
(1608.8117826928637, 468.77546688317534, 35.33874434082564)
(1622.2736703285786, 808.5393280261029, 22.84231424460012)
(1583.8733929913308, 990.1737568394406, 19.389660810570035)
(1579.7421604025367, 1038.5358578524801, 49.461038653241026)
(1383.8219216983714, 793.2988050510826, 35.37216028092035)
(1594.7350484829756, 933.77945492091, 18.958055969889926)
(1340.1384934377725, 820.7741203948725, 36.77437190538534)
(1617.2492799599581, 1041.0414734870437, 44.705829402665266)
(1610.703931266595, 618.9605681117799, 37.10109980744068)
(1559.8370414215203, 369.15763120656555, 32.497954038752226)
(1683.675757578577, 816.0124941743194, 26.030209869131582)
(974.5313421456376, 1984.1423967827789, 30.669182341777336)
(893.2703325458291, 2016.2027335942312, 27.156150653322396)
(807.8216030051132, 1656.4679071676078, 27.79793509666579)
(1026.1268583160931, 2040.2409494947117, 44.64306047099016)
(503.4542925806613, 2052.9064335456023, 59.31221364119222)
(804.2214639900697, 1951.2818127515372, 9.565844989989158)
(732.3453712246711, 1987.623969931627, 43.280178299326195)
(809.584587454948, 1985.6032996062077, 25.788662888349272)
(771.8720020182786, 1890.3797163473573, 39.72408566682963)
(890.4493597591553, 2010.70051748456, 23.15439887724442)
(721.5703870944499, 1826.709251513249, 85.29055455291943)
(870.2641584000601, 2012.5157585964537, 14.10175839138588)
(840.036354565118, 1987.516581934285, 15.102336973541817)
(1039.6885934128932, 1994.7806268158217, 13.531281002203178)
(850.4298909116535, 1991.8392386070677, 13.343875263135002)
(673.3168318766351, 1992.4653348647696, 25.916857785170315)
(788.7608554974171, 1640.4021003081025, 30.054116000802416)
(763.5558141896952, 2006.6956020517146, 14.977750381774255)
(1169.8629837115964, 2009.3655548509882, 14.927855114204755)
(692.6448604159124, 1995.0067040920626, 12.167470968046667)
(898.6880376589629, 1918.7110894047605, 89.65189377012699)
(532.2328980136454, 1994.5518612243116, 15.460738007776436)
(983.248874091792, 1994.6047773586017, 5.505329516517656)
(810.5847169726338, 1713.4567180518916, 16.38347967065035)
(863.5748050612432, 2007.049977829301, 16.96248475504276)
(216.2763938340853, 2024.5645815794928, 28.89133014477745)
(921.4475509946722, 1958.4183175754074, 43.95215248230657)
(911.7166503128674, 1992.0572393192103, 32.66297679259254)
(484.6195235172415, 2015.230083798257, 119.23552908828334)
(505.82142022434266, 2022.1601444657056, 23.58874906619465)
(809.2025964135632, 1809.8664548938118, 10.059076375663643)
(545.7071306457301, 1995.0273303311226, 29.75706769516047)
(652.1660169564361, 2004.7184566498868, 17.665345070066994)
(770.7077894503733, 1942.6524046822585, 87.01686020267842)
(442.5410422653408, 1910.6539422845922, 56.81508623687699)
(773.530916252276, 1932.193892811468, 46.24277107307681)
(735.6665422379382, 1992.6736860243457, 19.580117133449964)
(804.2422515003273, 1914.088843671861, 31.85699068212667)
(698.3998165197241, 2038.2371904148004, 73.45027536200776)
(2008.521239484136, 1756.17041066995, 9.049460241290301)
(2005.99167415331, 1905.5204050792918, 24.869426343113346)
(1992.5758566507545, 1917.3738655143707, 40.704038170389836)
(2017.6774422525982, 2012.3161359148799, 22.513146913328804)
(1928.1949270722857, 2016.9853848038554, 21.7880509115328)
(2012.2436621727563, 1751.8363178163222, 14.167377114304196)
(1995.4368740595223, 1785.1484171507525, 21.167340442678594)
(1994.6291002241846, 1652.16509716477, 20.468492167233514)
(2009.8841195424461, 1947.750614916873, 11.84008820243845)
(2004.0290599065695, 1855.5953512478254, 10.792945670878616)
(1866.8341376760416, 1981.25007204947, 33.31917055973729)
(2052.6421131407924, 1889.477804126473, 67.10440060404301)
(2009.0976593824207, 1758.2440895748985, 12.21571373495478)
(1978.6838530638738, 1911.3556814567794, 63.19777710276469)
(2012.7057187307316, 1591.614233615035, 20.73457247339221)
(2013.4839952272628, 1453.774586224988, 25.940000882055724)
(1983.385031994268, 1985.4713471465475, 19.253736089385846)
(1993.5738825722383, 2003.4490019273192, 4.836994460329968)
(2008.5211232106085, 2032.9584765146765, 70.66761062331828)
(1960.1709337161915, 1596.4854219969254, 40.80775269030588)
(2016.3137779532665, 1715.370264809318, 28.757991042483766)
(2004.3696649322305, 1600.5240955289285, 14.294294658046585)
(2024.092085317289, 1797.9797975348042, 53.74633411671901)
(1985.986210588669, 1657.5085081448353, 23.383715028239845)
(2011.220593734845, 1828.221065005938, 36.67205609492498)
(1892.3263939287176, 2004.1842125258052, 9.247374740506825)
(1960.667929446892, 1934.853289568664, 48.41303645392401)
(2011.6592823200256, 1913.8215711856483, 43.41690139853099)
(1979.6256344377703, 1919.8191958698353, 26.114688105617876)
(1991.1601849979131, 1863.9922004353011, 23.363254849045536)
(2006.024105944497, 1987.598472407743, 19.5065882210044)
(1989.3604348792596, 1541.7877756223866, 33.41699592158049)
(2022.3645215926351, 1991.2038327276214, 64.25567820178657)
(1891.548901471051, 1604.751378932466, 29.05269068055935)
(1995.6548218160497, 1915.6883465177877, 14.603492681168573)
(2006.7718674655061, 1825.8749628181592, 9.246794317744856)
(1981.8423020222929, 1766.797385550157, 33.58601615092357)
(1860.8171992370492, 2042.738321102508, 79.76476137448716)
(2004.3403878328359, 1877.8887275276275, 6.1378651477505)
(823.1137996725843, 1995.681772219942, 16.62971529334169)
(1230.3048583713107, 1563.3599735566277, 38.73862186669455)
(1082.6770921393413, 1613.5146707372492, 31.825193650582943)
(1211.0472581455374, 1577.5559363635878, 15.874451494869446)
(803.4280525859762, 1607.1205894460736, 7.52540819965076)
(1077.8686786069086, 1608.6925336590984, 9.059621787722122)
(1126.8955758112452, 1634.0303347663291, 34.198962119948156)
(1014.0806135211957, 1663.6724840231939, 66.6773916636002)
(1205.9337833625032, 1772.949780725325, 26.029235515586226)
(958.6584430378664, 1583.6065151938517, 22.357356313068525)
(786.4195537610842, 1680.284123930248, 20.910777496721096)
(1254.1376650338348, 1878.7841517275135, 57.63681046936045)
(818.1214615849847, 1304.4260055806183, 49.7119354021823)
(775.6634582321383, 1646.9913821129817, 40.67444362427945)
(977.7392816071886, 1995.716425237449, 38.0709342280135)
(1231.5735036552737, 1493.0111334954465, 62.808537626699795)
(1006.6460979862305, 1594.0908884956648, 15.60950083310002)
(804.4551009926332, 1897.8160040897073, 11.529988871534963)
(1211.3087615774707, 1718.6876311878318, 14.14812417148535)
(1230.000776276614, 1844.528316641967, 33.76218254476482)
(1208.8759971180664, 1344.5676469655714, 14.667264152679628)
(809.2022268127027, 1722.899286147771, 21.003744709698324)
(1192.3262841262228, 1412.2592793908589, 13.23062029517707)
(803.2285511733411, 1518.3542835009587, 17.48483302263819)
(908.7497165932502, 2008.2581483319361, 36.31906368672957)
(733.503191733732, 1595.3683258923522, 14.240937876560848)
(1226.911185310035, 1880.800485290287, 35.838685556986555)
(887.8575136323701, 1635.0527559812558, 50.34465235589526)
(824.9079442286685, 1876.0443858194153, 35.496159526726565)
(691.0021708605166, 1212.595298627184, 14.667377857283661)
(1187.973633760437, 1956.5284084852644, 34.81191027830457)
(742.982040541976, 1608.0935782611098, 17.37558760780996)
(1167.5053150673234, 1740.4954586227552, 90.6569839570582)
(824.9672102131344, 1288.0362294225383, 39.146724674821236)
(1135.2073926718558, 1591.3503868044168, 46.87598590081952)
(1054.870881017268, 2018.9207922556325, 28.48608774457228)
(746.8379649851368, 1595.8331915235476, 5.913322476088939)
(680.8835989962947, 1584.2337510204338, 19.919964195657947)
(874.0867809907082, 1637.980144135873, 49.358158924141506)
(933.1946787937268, 1618.853722911613, 20.693349340823076)
(946.2151374795509, 2005.665082980534, 9.859000035383781)
(780.4501433289863, 1611.0206033100928, 13.70844623798821)
(1399.8562459321877, 1576.7803477721975, 28.09349884629631)
(779.2552042837282, 1595.1832219339221, 29.19399303844092)
(786.0167052964435, 1366.4535471845338, 28.82246428023969)
(944.3510305620093, 1606.2010950497076, 25.20757185293428)
(751.7633921293229, 1589.3929190572926, 21.71409110997297)
(1192.6358542143712, 1715.7498386215443, 8.113582169487538)
(1228.3897293045025, 1620.2816013164927, 29.01275562649056)
(793.7048331827666, 1896.0301427294178, 16.678594547611837)
(1188.8012035027516, 1595.0710230822203, 9.383458899510737)
(804.1596358633167, 1435.946867211583, 25.415809364863087)
(852.17428081615, 1611.7537749198427, 12.528687357035537)
(793.414718127904, 1777.9730651878958, 35.40401405947047)
(1194.2669471560812, 1805.7386939709115, 7.738151326421239)
(1040.2021352688157, 1608.886262763907, 12.676514082950852)
(1559.9573329434365, 1871.846560034775, 51.86785861451467)
(859.4606739619244, 1588.8263285901073, 13.067269488605552)
(1028.5656439584004, 1577.9276595918936, 35.41870797043833)
(1092.4337905316393, 1994.0239509855205, 19.60470829615942)
(1029.5803893029622, 2017.8762825039375, 31.066898661693042)
(832.9138057467696, 1554.1266789414392, 40.01772674418318)
(1113.982698297746, 1183.9982575552594, 29.273950241589276)
(995.8741412066815, 2023.011236291065, 45.69678082044555)
(1246.7615050591144, 1592.2565080430115, 33.11572756243777)
(1018.584955921215, 1942.250685123182, 64.65881860332487)
(788.070210881254, 1606.1801587153386, 17.08687568167233)
(1125.5814246324721, 1576.2945570916402, 67.70657859966875)
(1207.1166191285508, 1548.037776277429, 24.32205843132163)
(1002.8720520497875, 1587.1010940351293, 18.768950929246305)
(740.0673581328656, 1651.3209588320137, 59.982952629057635)
(808.2525006606866, 1692.9525592137943, 15.321178363697145)
(859.0747371374763, 2014.0739049128226, 16.267463431588155)
(981.1927373263972, 1615.8898131445844, 50.14777202104021)
(1249.0174444579302, 1532.4292083345642, 55.718983629445106)
(1191.1164184880013, 1890.922126705216, 9.737443759450988)
(1172.9590693965606, 1609.0635429198755, 12.825802024033528)
(1185.0615321081068, 1441.6577569751908, 15.8043898529926)
(1619.9764406234435, 1239.1519750191578, 25.191746177194506)
(1552.64932427256, 970.5900815877274, 59.42462760854878)
(1203.6715724996102, 1330.8209310049974, 5.313169941139015)
(1150.7334640743745, 1529.83280326221, 55.67548137874266)
(1195.869650472802, 693.6022981332221, 7.593190226161894)
(1221.276575328804, 1607.6402457079157, 44.22875676547041)
(1563.873466955443, 1361.045951002891, 38.234026240928344)
(1190.8397366184558, 1353.1636416458366, 23.936488882373943)
(1583.809030574003, 1275.0530485901486, 17.408174490434224)
(1608.8982286463483, 1146.4502883904847, 12.82132030421675)
(1487.0653504791808, 1206.1410213477022, 39.50372377209783)
(1286.0810453518184, 1231.2167587953254, 39.91112601914023)
(1463.3856747027965, 1157.8331206357088, 47.810654082267284)
(1173.7688166011988, 1156.4834811933008, 32.25124601577654)
(1509.1516570887027, 1192.8060880098453, 20.752885918942553)
(1399.1426731263368, 1556.3436266196484, 53.65282998394571)
(1098.980719900365, 1222.2559085153105, 22.323819719765375)
(1592.864396080806, 1417.9997891308503, 15.590117111458262)
(1578.4685942228637, 1171.8358813524246, 49.854630431101434)
(1264.4251967319253, 1042.661086185722, 84.74780078671573)
(1204.7964111126341, 1446.2708992295927, 18.348587714338116)
(1205.2370933104123, 1207.812125475674, 27.931659772410555)
(1370.7386293650034, 1179.2787884316624, 31.42885892604148)
(1453.9838068184542, 1181.6648027292563, 23.507700162071817)
(1595.67665940551, 962.8762878743381, 19.913887373523302)
(1590.403608630563, 1392.1439847031766, 30.149105060964082)
(1534.041858953186, 1187.0730274250172, 13.491993592090683)
(1553.7956466581263, 1475.9887017968429, 52.795150800585176)
(1236.5578850833142, 1195.1426215544502, 5.092112229740962)
(1187.7697382473561, 1499.4056024419162, 12.781551309733787)
(1559.9189126985996, 1446.643692653106, 47.35548844299823)
(1346.7700274890126, 1203.9184192686077, 3.935215520104899)
(1193.2281336288681, 1113.5431554054942, 8.978358750074673)
(1173.1310360269017, 1478.3128488802283, 37.95604100581616)
(1353.2490786319481, 1195.702160231576, 21.888949938135802)
(1358.3596136436968, 1571.0729805094281, 46.89100539731536)
(1613.7134303684502, 1193.5845549896333, 16.493230439880655)
(1354.6852676408485, 1186.6858948251634, 24.510782805552093)
(1695.291343844923, 780.8340166809191, 28.81768915638579)
(388.00439887240157, 1060.3314977416646, 21.387566178742663)
(415.57716881691925, 1280.6442981344735, 41.57614912671037)
(318.25057122758574, 1214.7823907160569, 22.54824718942475)
(517.512814114844, 1196.173987405491, 4.139036137811199)
(482.0303842800828, 1210.1861998218708, 21.754043989506414)
(412.8927364967539, 878.0195524281064, 36.40804127831512)
(284.6373771140924, 1196.130000885946, 10.495562613778974)
(403.82871610096913, 1103.5356169333172, 16.7262278518323)
(416.7918748363743, 724.7148382252715, 19.308947835146043)
(190.50900560488986, 1210.0233789011822, 34.692982085448456)
(414.53258303339817, 1055.704128926968, 19.994766261295492)
(194.02404813239747, 774.0155779949561, 33.16905356083359)
(182.11400770883364, 785.1342581086429, 40.79593780319474)
(-3.9696095291048437, 565.8713488885752, 13.082913114700519)
(416.6888536977537, 1059.512450509981, 17.055575189746303)
(428.13643537711806, 1397.9864062486668, 42.285224135260556)
(355.135909027428, 1217.0306709766492, 17.50903776340791)
(706.2380184877211, 786.1701139194558, 32.167476948941584)
(478.27589612672546, 1168.162971847878, 38.685604236065934)
(560.0555881947895, 805.9162551981534, 24.956942573063955)
(414.7499855750243, 1265.7234795337731, 18.09302119440381)
(793.81251628522, 1299.6147839681857, 9.2867855935293)
(577.5417603700283, 1195.427904115419, 19.39537155281952)
(374.86657221505504, 777.0999405611085, 25.269066433665706)
(596.3878405944431, 753.9666531991888, 68.59949335291697)
(629.9306603023208, 789.3671551334603, 39.49983280931847)
(816.5919442743882, 1050.2579710459047, 68.89447886749959)
(396.72837738133643, 1026.2343188848902, 12.474388361143378)
(459.77916567797524, 791.5418403192887, 27.873836319747486)
(524.9108152721934, 817.4060285284746, 26.24478934043878)
(409.6007957379626, 1220.857195870261, 18.31458648809333)
(410.38334063668657, 901.3023683676818, 34.37568492569033)
(414.11731001399806, 739.9687503145492, 39.59580775430412)
(386.2135094250719, 581.4354699608646, 42.75535307839953)
(324.2040015641486, 1190.7918824451067, 25.336327329952077)
(396.24257408038443, 922.1778903411381, 4.0450064549429285)
(404.01167587981956, 724.4142201436396, 4.853526940500369)
(795.1076647461409, 674.5486124371783, 11.591292391680106)
(646.2363783932907, 1137.72490603752, 85.64076431112417)
(2003.330160521941, 537.5764530706424, 16.658295111456116)
(1563.8599750200128, 656.2670844983347, 56.10373308860783)
(2012.1358650997518, 618.140450060585, 17.344769385183785)
(2040.2275036254218, 742.2822060771466, 40.67440637485357)
(2003.555279291871, 757.8922066414003, 13.067232823778431)
(1995.1161577272967, 838.3093850024546, 7.735524847187813)
(1828.9815778817592, 794.3167978492046, 23.515102834356476)
(1794.7782783363327, 762.9365893250225, 37.591126693336804)
(1786.0543424370744, 795.6120899121058, 4.713412941046052)
(1780.5465807299543, 766.8098985345669, 38.06612365674708)
(2027.2026816981236, 794.4619878183626, 33.916404358506234)
(2026.2952530957507, 831.1910598824535, 39.41420301065951)
(1873.6859795661433, 408.5062340984213, 22.7909435212682)
(1903.7164267182923, 816.5222931871069, 19.13969907023713)
(1996.2809982440679, 461.38701232738345, 10.882987234790447)
(2004.2785212990925, 494.2348960549235, 5.206003559930487)
(1872.9246214409986, 788.0086162861166, 18.532391093173487)
(1996.3578531532407, 543.7471476966043, 4.668165481968669)
(2036.9979194949765, 751.292455844381, 46.34499748357335)
(2009.8768937140137, 854.0226627188638, 24.68992943946334)
(1975.1786113293417, 403.9133213957869, 15.307354896724123)
(2003.68800062371, 701.3642236868225, 10.236326644340355)
(2022.5062112026087, 642.0473891750355, 64.03882333833117)
(1917.2366502978148, 810.2376604000823, 23.359308851310075)
(1659.8420847672598, 792.7540739701913, 22.416696327846363)
(1721.1146898551326, 785.9065486916455, 16.513019047449873)
(2030.042188840342, 1076.688219399726, 80.18675438851858)
(2009.8836189295303, 404.0117047854204, 13.744920893356237)
(2007.7392591783387, 797.7239764652413, 21.674329849143575)
(2010.6437138095357, 922.6441337286394, 26.117876824667956)
(1914.0076064671082, 777.474031120106, 25.024123255370736)
(1989.4115349114559, 242.85374115715143, 11.904905094941146)
(2014.926231500323, 297.70209453896234, 14.96514888910851)
(1895.6684570772838, 805.9490050187044, 15.331332823071058)
(1928.871768407044, 408.53925126443403, 9.850413889906886)
(2020.3062345214034, 695.3752259112364, 30.120163069883297)
(2009.4629750091926, 735.6538060693691, 39.39503364140707)
(2040.0834171405204, 604.8970228167042, 45.75381933505601)
(1969.0181670135032, 815.444015269722, 22.85395576301416)
(970.7850007749735, -8.313444654390494, 13.898031076942157)
(651.8977413102165, 19.38853364315048, 28.352214588146452)
(652.537598009388, -31.059776287235373, 32.63848160252029)
(834.6301563343418, 3.365661601211258, 15.245687673633855)
(309.4890600833396, 4.059360377327351, 40.190558722363534)
(479.4182742106226, 13.614338668007946, 14.473269687035861)
(448.7230739682962, 4.165483923215042, 35.69520417058169)
(841.3327280954747, -9.939028369294228, 30.727971185586643)
(229.1391360967968, -27.01353232026637, 53.459362766863194)
(676.5436405883073, 3.8082021438735723, 4.531456668239468)
(592.0831848148235, 390.4362440198028, 17.279827587643183)
(642.3961503275542, 390.0909411115836, 32.63819743241204)
(1205.0999445716257, 211.62954327117785, 31.97849983414743)
(637.7807339850199, 31.280849232936532, 32.024137115964486)
(506.9970051791747, 19.25672711208493, 31.3937169438446)
(791.7109569763302, -7.465973010943166, 9.861566051801711)
(789.4940559009717, 87.38072432975142, 13.079774072971107)
(765.3912659126397, 416.10395495888986, 26.083173808944007)
(791.5796780946923, 111.4027353802046, 12.758799872236832)
(709.3382810740127, 42.05445464655682, 78.46999812200023)
(524.7870042290485, 11.342797559437145, 28.45331894683526)
(804.4020348984864, 88.32268476134252, 9.373395028363934)
(781.5851986166444, 84.94964223186284, 26.2748445311302)
(859.5861938652354, 7.4691591231062375, 32.586519518428055)
(782.6338850749014, 7.647522253343055, 26.111231868473094)
(462.2081042661265, -5.673307010158098, 11.792819781188753)
(811.0535952952512, 66.16489907856494, 27.465147411862404)
(660.8331971584844, -30.691959623194982, 57.14388234920985)
(509.6571628091274, 33.434156609971595, 39.37105089473496)
(806.3456192742923, 125.45510093561836, 15.72892289321872)
(385.69029985215445, 220.2518068877447, 18.753658495555776)
(559.5062456505467, 392.46708621426404, 31.853628991462156)
(752.1563570169291, 13.431098769172664, 27.964982264330022)
(699.9778106612722, 8.442863005266602, 15.134982965518137)
(803.399727107658, 91.12496123284828, 15.955568445616697)
(358.5816114741961, -13.004663589168096, 27.01165006736071)
(947.509679184799, -4.406894547317222, 32.40206322631737)
(856.4233403038558, 169.1399251910865, 64.86968372779953)
(573.3544850914508, -10.885522460606744, 51.12211589960233)
(1989.9437274456645, 1253.42037891266, 25.84517806909941)
(1985.3687638894114, 1048.6656381951734, 26.866284284832563)
(1994.5831754957883, 1204.3779542228176, 17.671971167006074)
(1957.6586041806327, 1615.4174205920783, 25.568551116090344)
(1824.6107682895952, 1210.655662790162, 13.72609770876848)
(2023.0597360566912, 1295.4371433506053, 23.49536039968566)
(1904.8581148747217, 1604.4984571783564, 29.831718380133612)
(2027.4384162990034, 1271.096828237066, 41.11683865258692)
(1970.0448605808126, 1593.4388581301505, 33.940311142049694)
(1980.3446470894855, 1611.2636640923974, 29.773477802148342)
(2012.8074785140018, 456.3604925168329, 21.354896523651718)
(1654.8366283072583, 783.6539893621471, 31.438209490203292)
(1952.740580471478, 628.9661579525566, 53.445596995068186)
(1868.067797880778, 1194.3178650054504, 9.883225986911855)
(1991.0439183969213, 1451.0412844088717, 11.560213817127803)
(2013.0312732398681, 1496.1431251241258, 15.491200027772628)
(2006.3626681832068, 1088.8680492276096, 12.90870401882612)
(1960.0877646398212, 1176.785149163613, 33.86112633977068)
(1931.9585831448749, 1215.487180009393, 22.524898538790374)
(1993.9241866821676, 1156.1605289617053, 7.014346602674119)
(1991.7331691009488, 1326.6359276335845, 12.248570431079752)
(2006.1108670280241, 1126.2711190758662, 24.5214587841831)
(2010.1521188839063, 1603.5694422539684, 22.523254412124352)
(1991.2630537365428, 896.0346726407456, 21.17827440420912)
(1989.2903100358424, 685.688155702208, 14.015581361944474)
(1984.797132214689, 988.7743481081959, 21.124047219418163)
(1976.9744667448845, 1354.722087672923, 24.060097141672884)
(1956.326346840502, 1196.1347093515392, 14.396137744748954)
(2012.638940879741, 1336.254397975039, 24.192740527986043)
(2010.5706564699574, 1206.9766380924657, 16.509513281627)
(1985.386735245922, 1298.2329556738362, 19.961805608374416)
(2015.7507214717627, 1241.8176872385895, 19.960733649909592)
(1990.865508479482, 992.7698908948911, 15.691930482959272)
(2039.296506782886, 1122.6224616032277, 43.867832493600105)
(1864.396921945587, 1227.861768199818, 38.246807655528045)
(1980.0445100392956, 1193.6907973732998, 23.46377736255555)
(1988.0790347802558, 1037.7551932703066, 14.592116982147376)
(2023.1807304620515, 1037.1077599009209, 47.42195809538939)
(1989.5657884599232, 1376.4520338460363, 36.161223153269894)
(394.5478329307412, 1511.7753210025467, 28.963222012992713)
(6.5995031625347735, 1606.6022834642504, 35.673805323011166)
(25.465560438818983, 1022.5027964289604, 28.49662120428893)
(5.245228596228387, 1211.608181542798, 6.039989864705258)
(11.768031973584272, 967.2134382815885, 29.994704811267894)
(34.748225197646235, 1192.948221149846, 11.808576606607557)
(-9.650357883935982, 993.4242872170277, 11.557971572570201)
(7.172019955196646, 846.4162892335007, 10.634393792405575)
(59.243580688724066, 1205.8027581890294, 7.494472711255283)
(117.32960987907921, 1182.4672557784102, 46.21255620309932)
(276.89032409198666, 1589.8168445074255, 16.337585736583726)
(169.53309320569184, 1188.9217627940848, 12.856762487567188)
(29.31632568817794, 1567.6853112570718, 33.93861833924743)
(-5.320147242831666, 1530.088505221623, 29.19368803798817)
(154.82791193320924, 1191.7321698636792, 13.772990226771016)
(11.540685254450835, 1212.385388873804, 19.34856634835153)
(354.917844376644, 1168.7675717128845, 47.44933773204128)
(40.74824121154923, 1614.8003066555948, 35.96428259024115)
(-10.234551341620993, 1444.1950274045437, 13.713089591382825)
(382.18524038835466, 1034.044130346519, 18.63926581087478)
(-11.647648940314149, 1450.995932115066, 13.588395159579562)
(90.69949962054696, 1606.9356908220275, 48.56663026802501)
(10.873155121953857, 1511.4468490451702, 32.4235688109339)
(201.84929751740293, 1571.2421114751871, 35.806776425851545)
(193.64493758252868, 1190.862279365311, 15.643697458265661)
(11.552929076145219, 1297.283885497563, 18.06289116573676)
(24.041228616345606, 1187.5012941768657, 13.706428313648646)
(-21.10907623080562, 1658.4521159896863, 54.56234163638619)
(-12.894731533739517, 1509.0590465905223, 19.977982835730504)
(-4.476517719531415, 1301.1780811154476, 8.550442318270088)
(20.22181669309262, 1339.9353688356455, 30.536578072055214)
(-14.666237600927367, 1430.679048012455, 54.12216387950467)
(44.67085550152005, 1096.0354151746346, 66.7462246405009)
(-8.529840608904486, 1378.2968636938592, 8.845397240107532)
(-9.534614842640579, 1033.0563384780992, 14.870982935726634)
(12.54598336513645, 1386.2976988509654, 15.004298050676196)
(4.471572915240742, 873.8906560634786, 16.607071444828065)
(164.10240955141006, 1204.88500604684, 21.950300133415983)
(-18.32842742130886, 1138.3797319412452, 33.548844775019816)
(1977.5016343164352, 1592.2578696656667, 13.9500416262458)
(1732.9008044851644, 1614.875448697058, 16.85078315544625)
(1889.7677070503112, 1624.7406394755199, 28.935538805458208)
(1502.3979889969137, 1188.8201923784657, 13.826530819700647)
(1662.3902605194817, 1603.8840071971708, 6.409969467137835)
(1797.4543745656626, 1231.636931969213, 33.17928938944432)
(1983.440947246127, 1363.9552206883502, 21.324658372206912)
(1591.3524990519181, 1391.3706741087383, 20.9720867662567)
(1680.1931535438966, 1196.5112462595307, 7.682916348032112)
(1993.8937630531386, 1285.1172589462692, 27.7329875633468)
(1848.4223190180428, 1205.709330615096, 10.813836103414799)
(1992.8554046823551, 1630.2522906180643, 26.252704724210915)
(1265.7267178080879, 1163.5290781785466, 41.596258735427035)
(2011.1486244217438, 822.4853495441154, 34.256293467010366)
(1780.792303957818, 1227.5562586629167, 30.152104142013588)
(1787.9476437218825, 1185.3733891234622, 23.137099163039434)
(1978.89138267873, 1485.3752272034292, 21.85430201857597)
(1984.4523571570596, 1348.0083450004147, 16.95359765093748)
(1731.182353166517, 1623.148763232025, 48.350213124773035)
(1821.3963447148906, 1168.0650541640427, 38.30032644458906)
(1964.5598924595804, 1670.8386885480609, 37.22724369643947)
(1586.059157796004, 998.9164508554996, 15.747576546869233)
(1738.8453303913561, 1210.9209760784036, 13.12602525243182)
(2003.7015975520967, 1425.5993693045693, 28.643573974855048)
(2005.3116524839986, 1353.4647025549023, 24.39569191982309)
(1969.5893787606522, 1073.8295739084892, 41.32187479999419)
(1948.433450286506, 1229.719443147645, 45.83317294193143)
(1575.882845558071, 1264.069442646701, 42.35731236435238)
(1649.0272723422468, 1188.129808618366, 19.80772780973253)
(2007.3407286913332, 1517.1350111817917, 8.374512991280058)
(1973.9537815776691, 1424.8844425521174, 28.483770483050943)
(2011.3735522669808, 1405.144256714087, 15.10241070334006)
(1581.6165447605022, 1820.4933354062296, 32.85467780507261)
(1656.3157048690891, 1380.0141199708883, 66.92932205670506)
(1490.3437013079206, 1235.8274223949695, 80.62839037025759)
(1984.3187626497202, 1611.8072323268302, 53.217556902231856)
(1972.3806071869858, 1393.6364470015096, 28.303161724351398)
(1505.0026060121263, 1637.8025846524565, 42.31834835017008)
(1603.6410919117016, 1338.9769531098973, 13.920414328743119)
(8.35597104060298, 1866.7352962880586, 12.513390287126562)
(56.64329004085869, 2020.8133124721892, 34.862339173368866)
(15.36028829918314, 1866.263013978857, 15.870688062330997)
(54.21075198165096, 2012.346875868524, 22.390356477512277)
(6.5373917715173775, 1833.352618988611, 41.64339332954916)
(-10.29455919790962, 1600.1673462673816, 31.18504078538749)
(19.497598428613458, 1922.480424615359, 53.21294709445501)
(75.70656349597391, 2004.7441804933228, 51.132579108187656)
(-22.59580658870709, 1976.3478543098317, 52.07591535505396)
(-8.860752345629805, 1733.1891649768445, 27.569988993958905)
(-10.34336432172472, 1920.5963640603945, 12.217561841790483)
(-10.208417342886946, 1803.2078443141427, 20.580539309099297)
(-9.560041452029964, 1847.3652708407676, 19.11635934984436)
(-9.477297036740708, 1951.7438613194956, 14.5583969254984)
(110.51123223065582, 1581.8318114425063, 24.64766124462032)
(6.83552415232333, 2033.5835930997314, 37.721868872362954)
(109.96389135030574, 2060.748206199926, 70.26970381930862)
(-0.6355203526075002, 2026.0404638021944, 37.33223340569522)
(-24.53740017185163, 1661.7001667356617, 28.01691625890666)
(-31.67552473399593, 1898.0429565440825, 35.27434899647834)
(10.348162929210844, 1813.0346579662255, 36.18686475003364)
(122.3247579428533, 1986.2743119046822, 32.0348281509891)
(50.144258153870794, 1991.9219304735582, 14.688573722481197)
(-18.705560805157347, 1894.8966889027085, 25.03448973030453)
(4.66733046888595, 1878.4472560808356, 11.660129366494662)
(223.75779028154955, 2040.6716237382805, 54.64376610792956)
(25.640810163284243, 2029.7127891024645, 38.466832230203906)
(7.579209395642579, 1710.1516691618217, 8.371556526916844)
(117.97794641257849, 1962.2232618309874, 37.88699381681292)
(-14.613822656524007, 1825.420084418037, 15.72975678812031)
(5.33398298191679, 2035.4316601955247, 76.05674517899406)
(55.396362866991296, 2011.49020739324, 18.814322276468506)
(10.874850602503159, 1880.3252608630933, 31.407478062392)
(-16.205618578171766, 1776.8568947317058, 25.110731304659414)
(16.348170894640248, 1866.7254880005946, 42.62123866898962)
(7.995852567399709, 1763.1766085280128, 13.23039807460016)
(103.8332354619543, 2017.3707129712166, 43.84468935481698)
(28.125809485566606, 1946.6935987656525, 28.27891266057401)
(7.6477699197959055, 1893.8530953100724, 10.708159045617922)
(-41.78527381492245, 1907.1596926642655, 70.04131331139224)
(251.33836343751386, 2016.496406973763, 17.771025151978655)
(23.637861824410606, 1726.2075378337804, 31.411371893600347)
(52.06601834730867, 2021.0246151090066, 40.1422701690328)
(174.2126401479212, 1985.762768070944, 21.398917234513874)
(8.104099648197632, 1971.3008453950747, 25.209141519665152)
(4.081064498813134, 1760.483181628615, 18.368036826534812)
(7.318876042276088, 1870.8410179382201, 9.583658501592861)
(-13.796222456964983, 2012.264158606696, 26.795158066194393)
